0
// ROOM 1_4
100 112 113 114 115 116 117 0
101 118 119 120 121 122 123 0
102 124 125 126 127 128 129 130 131 132 133 134 135 0
// use for red stuff !!
103 136 0
104 137 0
105 138 0
106 139 140 0
107 141 142 0
108 148 0
// use for elevators (locked) !!
109 149 150 0
110 151 0
// FLOOR 2
200 200 201 202 203 204 205 206 0
// use for keys!!
201 207 208 0
// use for elevators (white) !!
202 217 218 0
// 
// FLOOR 3
300 308 309 310 311 312 313 0
301 314 315 0
302 319 320 321 322 323 324 325 326 327 328 329 330 331 332 0
303 333 0
304 334 335 0