0 0 1 0 RS 0 0 0 1 x
1 23 3 0 BYEL 3 109 102 1 x
2 20 9 1 BCYN 0 101 0 1 `
3 3 3 1 UGRN 0 100 0 1 x
3 21 7 1 BCYN 0 101 0 1 `
12 1 4 1 CYN 0 104 0 1 x
12 5 1 1 CYN 0 105 100 1 \
12 43 1 1 CYN 0 106 101 1 /
12 44 4 1 CYN 0 104 0 1 x
13 1 1 0 CYN 0 104 0 1 x
13 47 1 0 CYN 0 104 0 1 x
// box around key
14 19 4 1 BRED 4 103 0 1 x
14 26 4 1 BRED 4 103 0 1 x
15 19 1 1 BRED 4 103 0 1 x
15 29 1 1 BRED 4 103 0 1 x
16 19 1 1 BRED 4 103 0 1 x
// key!!!
16 24 1 1 BYEL 5 102 0 1 `
16 29 1 1 BRED 4 103 0 1 x
17 19 1 1 BRED 4 103 0 1 x
17 29 1 1 BRED 4 103 0 1 x
18 19 11 1 BRED 4 103 0 1 x
21 0 1 1 WHTB 0 108 0 1 x
21 44 3 1 CYN 5 107 0 1 x
22 0 1 1 WHTB 0 108 0 1 x
22 43 3 1 CYN 5 107 0 1 x