0 0 1 0 RS 1 0 0 1 `
1 55 1 1 RED 4 0 0 1 `
1 85 1 1 RED 4 0 0 1 `
2 55 1 1 RED 4 0 0 1 `
2 85 1 1 RED 4 0 0 1 `
3 16 40 1 RED 4 0 0 1 `
3 64 22 1 RED 4 0 0 1 `
4 16 1 1 RED 4 0 0 1 `
4 64 1 1 RED 4 0 0 1 `
5 16 1 1 RED 4 0 0 1 `
5 64 1 1 RED 4 0 0 1 `
6 16 21 1 RED 4 0 0 1 `
6 46 19 1 RED 4 0 0 1 `
6 74 12 1 RED 4 0 0 1 `
7 46 1 1 RED 4 0 0 1 `
7 74 1 1 RED 4 0 0 1 `
7 85 1 1 RED 4 0 0 1 `
8 46 1 1 RED 4 0 0 1 `
8 74 1 1 RED 4 0 0 1 `
// key
8 80 1 1 BYEL 5 201 0 1 x
8 85 1 1 RED 4 0 0 1 `
9 16 21 1 RED 4 0 0 1 `
9 46 1 1 RED 4 0 0 1 `
9 56 19 1 RED 4 0 0 1 `
9 85 1 1 RED 4 0 0 1 `
10 16 1 1 RED 4 0 0 1 `
10 36 1 1 RED 4 0 0 1 `
10 46 1 1 RED 4 0 0 1 `
10 56 1 1 RED 4 0 0 1 `
10 85 1 1 RED 4 0 0 1 `
11 16 1 1 RED 4 0 0 1 `
11 36 1 1 RED 4 0 0 1 `
11 46 1 1 RED 4 0 0 1 `
11 56 1 1 RED 4 0 0 1 `
11 85 1 1 RED 4 0 0 1 `
12 16 11 1 RED 4 0 0 1 `
12 36 1 1 RED 4 0 0 1 `
12 46 1 1 RED 4 0 0 1 `
12 56 1 1 RED 4 0 0 1 `
12 66 20 1 RED 4 0 0 1 `
13 26 1 1 RED 4 0 0 1 `
13 36 1 1 RED 4 0 0 1 `
13 46 1 1 RED 4 0 0 1 `
13 56 1 1 RED 4 0 0 1 `
13 66 1 1 RED 4 0 0 1 `
14 26 1 1 RED 4 0 0 1 `
14 36 1 1 RED 4 0 0 1 `
14 46 1 1 RED 4 0 0 1 `
14 56 1 1 RED 4 0 0 1 `
14 66 1 1 RED 4 0 0 1 `
15 7 10 1 RED 4 0 0 1 `
15 26 1 1 RED 4 0 0 1 `
15 36 1 1 RED 4 0 0 1 `
15 46 1 1 RED 4 0 0 1 `
15 56 1 1 RED 4 0 0 1 `
15 66 1 1 RED 4 0 0 1 `
15 74 21 1 RED 4 0 0 1 `
16 16 1 1 RED 4 0 0 1 `
16 26 1 1 RED 4 0 0 1 `
16 36 1 1 RED 4 0 0 1 `
16 46 1 1 RED 4 0 0 1 `
16 56 1 1 RED 4 0 0 1 `
16 66 1 1 RED 4 0 0 1 `
17 16 1 1 RED 4 0 0 1 `
17 26 1 1 RED 4 0 0 1 `
17 36 1 1 RED 4 0 0 1 `
17 46 1 1 RED 4 0 0 1 `
17 56 1 1 RED 4 0 0 1 `
17 66 1 1 RED 4 0 0 1 `
18 16 1 1 RED 4 0 0 1 `
18 26 1 1 RED 4 0 0 1 `
18 36 1 1 RED 4 0 0 1 `
18 46 1 1 RED 4 0 0 1 `
18 56 1 1 RED 4 0 0 1 `
18 66 20 1 RED 4 0 0 1 `
19 36 1 1 RED 4 0 0 1 `
19 56 1 1 RED 4 0 0 1 `
19 85 1 1 RED 4 0 0 1 `
20 36 1 1 RED 4 0 0 1 `
20 56 1 1 RED 4 0 0 1 `
20 85 1 1 RED 4 0 0 1 `
21 16 41 1 RED 4 0 0 1 `
21 66 29 1 RED 4 0 0 1 `
22 16 1 1 RED 4 0 0 1 `
22 20 2 1 CYN 5 200 0 1 x
22 56 1 1 RED 4 0 0 1 `
22 85 1 1 RED 4 0 0 1 `
23 16 1 1 RED 4 0 0 1 `
23 56 1 1 RED 4 0 0 1 `
23 85 1 1 RED 4 0 0 1 `
24 16 31 1 RED 4 0 0 1 `
24 56 20 1 RED 4 0 0 1 `
24 85 1 1 RED 4 0 0 1 `
25 65 1 1 RED 4 0 0 1 `
25 85 1 1 RED 4 0 0 1 `
26 65 1 1 RED 4 0 0 1 `
26 85 1 1 RED 4 0 0 1 `
27 16 1 1 RED 4 0 0 1 `
27 26 30 1 RED 4 0 0 1 `
27 65 1 1 RED 4 0 0 1 `
27 75 1 1 RED 4 0 0 1 `
27 85 1 1 RED 4 0 0 1 `
28 16 1 1 RED 4 0 0 1 `
28 55 1 1 RED 4 0 0 1 `
28 65 1 1 RED 4 0 0 1 `
28 75 1 1 RED 4 0 0 1 `
28 85 1 1 RED 4 0 0 1 `
29 16 1 1 RED 4 0 0 1 `
29 55 1 1 RED 4 0 0 1 `
29 65 1 1 RED 4 0 0 1 `
29 75 1 1 RED 4 0 0 1 `
29 85 1 1 RED 4 0 0 1 `
30 16 30 1 RED 4 0 0 1 `
30 55 1 1 RED 4 0 0 1 `
30 65 1 1 RED 4 0 0 1 `
30 75 11 1 RED 4 0 0 1 `
31 45 1 1 RED 4 0 0 1 `
31 55 1 1 RED 4 0 0 1 `
32 45 1 1 RED 4 0 0 1 `
32 55 1 1 RED 4 0 0 1 `
33 45 1 1 RED 0 0 0 1 `
33 55 1 1 RED 0 0 0 1 `