0 0 1 0 RS 0 0 0 1 x
1 21 8 1 BRED 1 0 0 1 x
1 30 3 1 BYEL 1 0 0 1 x
3 26 2 1 RS 0 0 0 1 x
4 25 1 1 RS 0 0 0 1 x
4 28 1 1 RS 0 0 0 1 x
5 24 1 1 RS 0 0 0 1 x
5 27 1 1 BYEL 5 0 0 1 `
5 29 1 1 RS 0 0 0 1 x
5 36 7 1 HGRN 1 0 0 1 x
6 15 3 1 YEL 1 0 0 1 x
6 23 1 1 BLUB 1 0 0 1 x
6 30 1 1 RS 0 0 0 1 x
7 22 1 1 BLUB 1 0 0 1 x
7 31 1 1 RS 0 0 0 1 x
8 12 3 1 YEL 1 0 0 1 x
8 21 1 1 RS 0 0 0 1 x
8 32 1 1 RS 0 0 0 1 x
9 20 1 1 RS 0 0 0 1 x
9 33 1 1 RS 0 0 0 1 x
10 19 1 1 RS 0 0 0 1 x
10 31 1 1 BYEL 5 0 0 1 `
10 34 1 1 RS 0 0 0 1 x
11 18 8 1 RS 0 0 0 1 x
11 26 2 1 BLUB 1 0 0 1 x
11 28 8 1 RS 0 0 0 1 x
13 24 6 1 BLU 1 0 0 1 x
14 25 4 1 BLU 1 0 0 1 x