0 0 1 0 RS 1 0 0 1 `
1 15 8 1 BRED 1 0 0 1 `
1 24 3 1 BYEL 1 0 0 1 `
4 19 3 1 BLUB 1 0 0 1 `
5 10 1 1 RS 0 0 0 1 `
5 30 1 1 RS 0 0 0 1 `
6 9 1 1 RS 0 0 0 1 `
6 13 1 1 BYEL 5 0 0 1 `
6 31 1 1 RS 0 0 0 1 `
7 8 1 1 RS 0 0 0 1 `
7 28 3 1 RED 1 0 0 1 `
7 32 1 1 RS 0 0 0 1 `
9 33 1 1 BLUB 1 0 0 1 `
10 33 1 1 BLUB 1 0 0 1 `
12 8 1 1 RS 0 0 0 1 `
12 12 3 1 RED 1 0 0 1 `
12 32 1 1 RS 0 0 0 1 `
13 9 1 1 RS 0 0 0 1 `
13 21 1 1 BYEL 5 0 0 1 `
13 31 1 1 RS 0 0 0 1 `
14 10 1 1 RS 0 0 0 1 `
14 30 1 1 RS 0 0 0 1 `