0 0 1 0 RS 1 0 0 1 `
2 38 3 1 BRED 0 501 0 1 `
4 0 2 1 CYN 0 0 0 1 x
4 19 1 1 RED 5 502 500 1 `
6 13 55 1 RS 1 0 0 1 x
6 72 2 1 CYN 0 0 0 1 x
7 13 55 1 RS 1 0 0 1 x
8 13 55 1 RS 1 0 0 1 x
9 13 16 1 RS 1 0 0 1 x
9 29 6 1 RS 6 0 0 1 ` 
9 35 9 1 BRED 5 500 0 1 x
9 44 3 1 BYEL 5 500 0 1 x
9 47 21 1 RS 1 0 0 1 x
9 76 2 1 CYN 0 0 0 1 x
10 13 55 1 RS 1 0 0 1 x
11 13 55 1 RS 1 0 0 1 x
12 5 2 1 CYN 0 0 0 1 x
12 13 55 1 RS 1 0 0 1 x
13 13 55 1 RS 1 0 0 1 x
14 13 55 1 RS 1 0 0 1 x
16 39 3 1 BYEL 0 500 501 1 x